"year" "month" "approve" "t" "s11" "iraq"
"1" 2001 1 45.4194717407227 1 0 0
"2" 2001 2 55.8372116088867 2 0 0
"3" 2001 3 55.9182815551758 3 0 0
"4" 2001 4 58.1272468566895 4 0 0
"5" 2001 5 55.7923126220703 5 0 0
"6" 2001 6 53.9991340637207 6 0 0
"7" 2001 7 55.2586135864258 7 0 0
"8" 2001 8 53.3630752563477 8 0 0
"9" 2001 9 77.5167617797852 9 1 0
"10" 2001 10 84.2072601318359 10 0 0
"11" 2001 11 84.6049575805664 11 0 0
"12" 2001 12 82.589973449707 12 0 0
"13" 2002 1 79.9951400756836 13 0 0
"14" 2002 2 78.0370635986328 14 0 0
"15" 2002 3 76.5841293334961 15 0 0
"16" 2002 4 73.5683364868164 16 0 0
"17" 2002 5 73.311393737793 17 0 0
"18" 2002 6 70.9971008300781 18 0 0
"19" 2002 7 67.6303863525391 19 0 0
"20" 2002 8 65.3184661865234 20 0 0
"21" 2002 9 65.6047973632812 21 0 0
"22" 2002 10 63.0473976135254 22 0 0
"23" 2002 11 64.7222518920898 23 0 0
"24" 2002 12 63.7474746704102 24 0 0
"25" 2003 1 58.8302917480469 25 0 0
"26" 2003 2 58.4129257202148 26 0 0
"27" 2003 3 62.233959197998 27 0 1
"28" 2003 4 68.4397659301758 28 0 0
"29" 2003 5 64.2104873657227 29 0 0
"30" 2003 6 62.1542167663574 30 0 0
"31" 2003 7 57.4009590148926 31 0 0
"32" 2003 8 56.776123046875 32 0 0
"33" 2003 9 52.8984222412109 33 0 0
"34" 2003 10 53.8876800537109 34 0 0
"35" 2003 11 52.6070137023926 35 0 0
"36" 2003 12 55.4767417907715 36 0 0
"37" 2004 1 54.8958435058594 37 0 0
"38" 2004 2 50.4002990722656 38 0 0
"39" 2004 3 49.4247741699219 39 0 0
"40" 2004 4 49.4722747802734 40 0 0
"41" 2004 5 46.3036880493164 41 0 0
"42" 2004 6 48.0440711975098 42 0 0
"43" 2004 7 47.7850112915039 43 0 0
"44" 2004 8 49.0589256286621 44 0 0
"45" 2004 9 50.4407234191895 45 0 0
"46" 2004 10 48.4593086242676 46 0 0
"47" 2004 11 52.1698226928711 47 0 0
"48" 2004 12 49.4011993408203 48 0 0
"49" 2005 1 50.6960868835449 49 0 0
"50" 2005 2 49.8869285583496 50 0 0
